STATE TRANSITION MATRIX

0.729000000000000	0.0810000000000000	0.0810000000000000	0.00900000000000000	0.0810000000000000	0.00900000000000000	0.00900000000000000	0.00100000000000000
0.0810000000000000	0	0.00900000000000000	0.0810000000000000	0.00900000000000000	0.0810000000000000	0.730000000000000	0.00900000000000000
0.0810000000000000	0.00900000000000000	0	0.0810000000000000	0.00900000000000000	0.00100000000000000	0.810000000000000	0.00900000000000000
0.154800000000000	0.226800000000000	0.0810000000000000	0	0.219700000000000	0.227700000000000	0.00900000000000000	0.0810000000000000
0.0810000000000000	0.00900000000000000	0.738000000000000	0.00100000000000000	0	0.0810000000000000	0.0810000000000000	0.00900000000000000
0.00900000000000000	0.0810000000000000	0.00100000000000000	0.00900000000000000	0.0810000000000000	0	0.373500000000000	0.445500000000000
0.00900000000000000	0.00100000000000000	0.0810000000000000	0.00900000000000000	0.445500000000000	0.373500000000000	0	0.0810000000000000
0.00100000000000000	0.00900000000000000	0.00900000000000000	0.0810000000000000	0.00900000000000000	0.0810000000000000	0.0810000000000000	0.729000000000000

STEADY STATE DISTRIBUTION FROM MATRIX SIMULATIONS
0.112983903929752	0.0319502854961582	0.117620009650915	0.0379528470165700	0.117561569861931	0.116594718700653	0.194935290523493	0.270401374820531

STEADY STATE DISTRIBUTION FROM 2 STATE MARKOV CHAIN MODEL (MEAN OVER 1000 ITERATIONS)
111 - 0.2700
110 - 0.1951
101 - 0.1164
100 - 0.1177
011 - 0.0378
010 - 0.1174
001 - 0.0319
000 - 0.1128